-1.8659727989890853
-1.8656454887861595
-1.8600426993342405
-1.8556273956798894
-1.8426046335165887
-1.2698486738035764
-1.269712746962575
-1.2693830545712887
-1.2685857014775208
-1.2685235899531195
-1.2682071668377284
-1.2560905970178555
-1.2552195126856778
-1.240485212354035
-1.2391075181380704
-1.1786143033651586
-1.1785985905747975
-1.1782986266376332
-1.1781239514284518
-1.1728249931003796
-1.1726781170543275
-1.1682329023795752
-1.167692892778392
-0.6683404783753747
-0.3745516769097336
-0.3745510037298402
