-99.53080729007225
-99.51923254085655
-99.5083346019387
-99.49619306883899
-99.37745158369783
-99.31783090576349
-98.63203942410917
-98.62154363357864
-98.59669766071191
-98.59375610223262
-98.59119816033314
-98.58234897299697
-98.53318358003801
-98.51964814980144
-98.5107121665264
-98.50748159254391
-98.49935889680852
-98.49412837227553
-98.48791829603441
-98.44502423614242
-98.39422959566518
-98.38354288593597
-98.37537871716701
-98.3530708371003
-98.31315137460676
-98.19158415035467
-98.17820076808843
-98.06839283439443
-98.00931766310634
-97.95899178395874
-97.95193512603215
-97.92608711552334
-97.89122653801269
-97.8690953419531
-97.86197074672761
-97.85505239534544
-97.84968872778282
-97.84068097897344
-97.82923999134779
-97.81035379141359
-97.80193363571644
-97.79963614196433
-97.79564169413547
-97.79128915210352
-97.78967906313049
-97.76020532018937
-97.75764963491416
-97.75120238973804
-97.74910243101851
-97.7391573147102
-97.73687944639067
-97.73303410891063
-97.72435791232597
-97.70334210127417
-97.68698098581778
-97.6842235502283
-97.68015363516288
-97.66617433472904
-97.65511408437385
-97.64437496841036
-97.62009065706344
-97.61556195068819
-97.56899073015467
-97.56878422554958
-97.56155699940942
-97.55127918460512
-97.52119782517975
-97.48053185108073
-97.46912213901656
-97.4473071029797
-97.43950367550822
-97.43185778991932
-97.4194725808452
-97.41768623065298
-97.31837695974986
-97.18479247274324
-97.12283300071134
-97.11311064929762
-97.07088906881997
-97.06071883395329
-97.03827898112624
-97.02276107910704
-96.99084560035593
-96.97870793314159
-96.96831947900007
-96.9682790332981
-96.9490380171412
-96.93787831862122
-96.91378355683965
-96.9052602367639
-96.87798762340958
-96.87466384423759
-96.86951043568456
-96.82887323952737
-96.81595123991113
-96.79658563586885
-96.7800522961763
-96.77950267044297
-96.74343086638598
-96.7325018578721
-96.71570008368957
-96.69390202239362
-96.69000586095618
-96.68322235863617
-96.66545401525762
-96.65542252058043
-96.62400412349903
-96.58073032055633
-96.5764770656595
-96.54944382432025
-96.5421215042754
-96.53593797578463
-96.48318903437655
-96.45792524707691
-96.45203419651087
-96.45038129812309
-96.23593481500498
