-1.8658987252675632
-1.8656711317006827
-1.864729884762457
-1.864654616570729
-1.8642370250774587
-1.2709561254310715
-1.2699331357141075
-1.2696395007953045
-1.2685745107681043
-1.2683019887554807
-1.2682351422325822
-1.257164838230166
-1.2563795523821402
-1.2471722100605191
-1.246890919289992
-1.1792630315862274
-1.1786291297477813
-1.178294875496489
-1.1779140446854774
-1.1716523630908136
-1.1701749922630515
-1.1670984762677807
-1.1651219214021897
-0.6684047311377381
-0.3744552121558787
-0.37442328451055995
