-108.65333116158601
-108.61009854233548
-108.61009848979603
-108.60559956929175
-108.60559940551192
-108.56125651559402
-108.5587807360065
-108.5408734906712
-108.54087345043772
-108.5305118219613
-108.5305115487093
-108.36193210316478
-108.35444865825006
-108.35444863639522
-108.29270875177914
-108.29270875137296
-108.28946813073802
-108.28946806543364
-108.28695727821105
-108.25400755049817
-108.25400755049681
-108.23496750443891
-108.22785082092952
-108.2265889976737
-108.22658897251438
-108.2246708405935
-108.22467081644508
-108.22311443130457
-108.22311443130349
-108.19863400813934
-108.19863397984135
-108.19783680077627
-108.19783680077485
-108.17426575124665
-108.17231843441738
-108.17231834452211
-108.1449854402264
-108.14259561629193
-108.14259560219213
-108.12841961689843
-108.12841956302883
-108.10201523415216
-108.08329880287734
-108.05896356607214
-108.05896354104334
-108.04220913822091
-108.03911872360939
-108.02846187539627
-108.02846186183733
-108.0283471679823
-108.02834715993383
-108.01791636131648
-108.01554825178862
-108.01554824222308
-108.01326451771456
-107.96010427914224
-107.96010411416326
-107.8953951975497
-107.89539506805242
-107.84594053611795
-107.79886437856838
-107.79886421757521
-107.7658321219137
-107.75801104506408
-107.75801102703689
-107.75441933935039
-107.72592328796871
-107.71923907633564
-107.71923891884505
-107.70866567648989
-107.70866563157486
-107.70458877353443
-107.69984651571265
-107.69156327593652
-107.69156326008897
-107.68274232676856
-107.68274230823013
-107.68255798701723
-107.68255796282163
-107.6738393646707
-107.67383933206492
-107.6729606182471
-107.67042224543063
-107.67042212107208
-107.67013678975597
-107.67013678975394
-107.65253906274738
-107.65253890347901
-107.64912218114863
-107.6436988745001
-107.64369885278003
-107.63374669557531
-107.6313032640883
-107.6313032640864
-107.62071806948367
-107.6207177951209
-107.60797906345717
-107.59648512376548
-107.59648509416459
-107.58660840213342
-107.55758585471044
-107.55758583490666
-107.372611734141
-107.37261158826
-107.35928047217152
-107.34130823758554
-107.34130811779598
-107.30438827810737
-107.087030164772
-107.08703014504397
-107.05956795681901
-107.03046029650864
-107.0304602837567
-107.01611458433119
-106.9816610947097
-106.98166101176108
-106.9368131983537
