# converged_scf_energy_hartree -37.726907678846
# casci_state_energies_hartree
-37.820655585357
-37.790590055298
-37.790590055298
-37.777116552839
-37.776993007833
-37.776993007833
-37.681362808036
-37.667061806343
-37.667061806343
-37.619359775026
-37.619359775026
-37.608216198870
-37.607341825572
-37.607341825572
-37.601252281408
-37.570829659565
-37.561364004082
-37.561364004082
-37.557887296928
-37.557887296928
-37.522257341604
-37.479434996924
-37.418542878335
-37.418542878335
-37.408269976020
-37.406577887885
-37.406577887885
-37.387493026835
-37.381709411586
-37.381709411586
-37.357994214057
-37.357994214057
-37.345892822738
-37.340214399915
-37.331445664954
-37.331445664954
-37.299686084899
-37.299686084899
-37.288732204706
-37.281547829042
-37.281547829042
-37.250347023333
-37.250347023333
-37.238543341358
-37.228098727012
-37.219135199678
-37.216407231477
-37.205027862782
-37.205027862782
-37.132649962125
-37.132649962125
-37.125035276690
-37.115834317747
-37.115834317747
-37.101710659165
-37.070503301242
-37.061984192921
-37.058449092657
-37.058449092657
-37.032243754552
-36.993805828024
-36.993805828024
-36.988701339374
-36.988701339374
-36.985423316163
-36.975800686980
-36.975800686980
-36.973932854601
-36.973932854601
-36.962897182938
-36.940180771288
-36.918438241241
-36.915694931297
-36.915694931296
-36.898111049564
-36.898111049564
-36.890314146805
-36.889835795631
-36.889835795631
-36.832325659787
-36.818452560915
-36.818452560915
-36.782714636040
-36.779731220680
-36.779731220680
-36.777681899664
-36.777681899664
-36.708893842190
-36.677648530240
-36.677648530240
-36.655210291911
-36.468479977736
-36.468479977736
-36.428927776898
-36.422022030179
-36.408491632979
-36.408491632979
-36.373984621139
-36.373984621139
-36.262150559095
-27.042985747252
-26.999620037144
-26.999620037144
-26.970510578108
-26.964629197583
-26.964629197583
-26.941597600684
-26.941597600684
-26.939354460754
-26.912985563421
-26.907654513879
-26.900842286435
-26.900842286435
-26.879200436194
-26.879200436194
-26.873577733032
-26.858087936737
-26.858087936737
-26.855050281159
-26.852348812933
-26.847021268317
-26.847021268317
-26.821344040369
-26.821344040369
-26.818118830678
-26.818118830678
-26.803380012324
-26.803380012324
-26.799459076513
-26.791189576510
-26.791189576510
-26.786176375176
-26.784746953192
-26.784746953192
-26.754363990791
-26.746049156491
-26.739830347081
-26.723676810558
-26.723676810558
-26.718403060764
-26.718403060764
-26.698226567768
-26.690187171804
-26.685187247113
-26.676925194166
-26.676925194166
-26.656205659492
-26.647675748413
-26.573364068163
-26.569182797241
-26.569182797241
-26.567226553982
-26.567226553982
-26.539118146100
-26.524366758748
-26.523697465163
-26.523697465163
-26.519507841940
-26.519507841940
-26.489423611440
-26.489423611440
-26.485061020517
-26.485061020517
-26.470989870223
-26.470989870222
-26.469056326766
-26.467732059024
-26.450676374940
-26.450676374940
-26.431181987264
-26.431181987264
-26.430067603600
-26.428293187987
-26.428293187987
-26.426306117400
-26.407000310551
-26.394239670748
-26.393580116896
-26.393580116896
-26.380365114854
-26.380365114854
-26.380100843431
-26.364693174515
-26.362022922843
-26.360471038177
-26.360471038177
-26.356243085369
-26.356243085369
-26.353785826509
-26.353785826509
-26.341615252207
-26.324456162915
-26.309353609527
-26.300725292531
-26.300725292531
-26.292674870641
-26.292674870641
-26.268705489274
-26.266991335153
-26.266991335153
-26.259812384685
-26.259812384685
-26.259177917695
-26.259177917695
-26.242708022971
-26.242708022971
-26.212302844305
-26.209366629347
-26.202038837145
-26.202038837145
-26.196345136419
-26.196345136419
-26.192599010091
-26.174962160645
-26.160226964926
-26.148404711704
-26.147507704972
-26.141050132432
-26.109279394199
-26.096133611458
-26.096133611458
-26.093265505942
-26.093265505942
-26.066211104139
-26.030382150623
-26.030382150623
-25.997498335950
-25.997498335950
-25.996004989173
-25.996004989173
-25.964724032935
-25.964724032935
-25.950936991619
-25.946394787797
-25.932652580377
-25.903536216190
-25.900970610710
-25.894320605274
-25.887919102955
-25.887919102955
-25.879382533290
-25.879382533290
-25.877569867726
-25.877569867726
-25.864646096735
-25.864646096735
-25.832985174085
-25.832985174085
-25.830209273688
-25.830209273688
-25.824825940080
-25.821069527643
-25.814898234193
-25.814898234193
-25.801839720480
-25.801839720480
-25.797909586804
-25.797909586804
-25.741341911844
-25.721302509274
-25.721302509274
-25.691957978778
-25.658163869273
-25.655131827844
-25.639572245050
-25.638202030330
-25.638202030330
-25.597611171031
-25.558776702270
-25.558776702270
-25.544400795322
-25.544400795322
-25.494061000829
-25.465296106648
-25.465296106648
-25.448720176940
-25.448720176940
-25.433347548654
-25.433347548654
-25.400446733037
-25.368289807692
-25.359880522746
-25.216680209155
-25.150058162849
-25.150058162849
-25.148861544676
-25.119431698202
-25.119431698202
-25.116528386585
-25.116528386585
-25.106405975594
-25.079753121811
-25.075523407764
-25.075523407764
-25.037409554503
-24.996426915664
-24.978386165135
-24.978386165135
-24.947535132613
-24.947535132613
-13.746275202992
-13.691263264350
-13.691263264350
-13.662180003605
-13.642754070592
-13.642754070592
-13.584115420926
-13.584115420926
-13.454968766909
-13.393741439015
-13.393741439015
-13.392363251650
-13.392363251650
-13.381874404642
-13.373565022131
-13.297448491513
-13.297448491513
-13.293288499469
-13.291871321944
-13.287776436289
-13.287776436289
-13.265297030052
-13.255443690226
-13.244988907318
-13.244988907318
-13.158646247262
-13.158646247262
-13.157776708341
-13.157776708341
-13.140595305218
-13.026832984651
-13.023138007076
-13.019501713428
-13.019501713428
-12.916913046828
-12.916913046828
-12.907272557043
-12.907272557043
-12.906620328307
-12.858156159292
-12.858156159292
-12.855431234226
-12.855431234226
-12.810552720094
-12.808102873931
-12.739746310287
-12.739746310287
-12.735909070213
-12.735909070213
-12.686545648250
-12.685620541891
-12.578923963016
-12.576392983778
-12.563351078514
-12.563351078514
-12.557578614279
-12.557578614279
-12.505998057283
-12.423718237692
-12.380125617245
-12.380125617245
-12.320853397447
-12.320853397447
-12.255950249006
-12.227345158352
-12.227345158352
-12.225889434107
-12.225889434107
-12.200680028583
-12.200680028583
-12.163747596101
-12.114276537953
-12.104931359870
-12.069511178296
-11.961599502751
-11.961599502751
-11.872538700671
-11.872538700671
-11.864406929423
-11.817434720373
-11.736933723660
-11.736933723660
-11.708136660921
-11.708136660921
-11.643386467289
-11.637765405825
-11.637765405825
-11.614526177755
-11.581716238726
-11.484160748646
-11.484160748646
-11.302765900471
-11.248988560534
-11.248988560534
-11.193793596452
-11.193793596452
-11.189930962227
-11.133581722226
-11.133581722226
-10.951644154727
