-37.78613815808727
-37.78613009619081
-37.77710223629345
-37.77166391795602
-37.771656703224295
-37.669195638587674
-37.66415947431487
-37.66414877889175
-37.609055635394554
-37.60905532302885
-37.60420897497426
-37.6038836642606
-37.603867397710864
-37.60120169463448
-37.56552165328554
-37.561360544724955
-37.561360424413245
-37.553935071794015
-37.55392831837743
-37.449811895247606
-37.416979578754294
-37.41697957767321
-37.40299856110999
-37.40064560860858
-37.40064553697667
-37.377995847871524
-37.377993716426
-37.37551603501131
-37.34569236922409
-37.25685288849162
-37.256852871750446
-37.24742442446297
-37.24742426642024
-37.2220700625229
-37.22207000998011
-37.220217038700504
-37.21377103961393
-37.20395572284331
-37.19842170946152
-37.13201709082479
-37.13201673159994
-37.058225644246704
-37.00712939196409
-37.00712930609801
-36.938635929870024
-36.92735698815854
-36.91342370001702
-36.913423227762785
-36.82153813218596
-36.8215322976934
-36.7965203488804
-36.79651453278555
-36.708711949938674
-36.3963230380943
-26.977554196825313
-26.94671649800545
-26.946689264059028
-26.918974197040367
-26.908076746914674
-26.905857764814687
-26.90583060551004
-26.88784299103357
-26.887842717523885
-26.878011613491648
-26.877984257240357
-26.873830189273587
-26.865214093019034
-26.863631056385643
-26.863630785878627
-26.855442204011908
-26.845600169868316
-26.82985766887784
-26.823996034753907
-26.823968723990788
-26.812852301183252
-26.812825195903635
-26.79926403547692
-26.799236941677325
-26.656193091791177
-26.55368498410596
-26.48308509026178
-26.48305613795611
-26.4737362186327
-26.473736147306525
-26.45034007750978
-26.45031110951375
-26.420054033099433
-26.37887468340321
-26.37887461146464
-26.324668772968316
-26.28876474140525
-26.288764093516896
-26.28082154542158
-26.27311792293821
-26.205048435853005
-26.205048145241403
-26.17638532190685
-26.176384598435778
-26.10825537872042
-26.100132392436514
-26.10013002806723
-26.064890673466795
-25.987563565766816
-25.98756241051682
-25.980188064563038
-25.98018760599322
-25.685007100477474
-25.590042028760482
-13.431957493658622
-13.377070615025007
-13.377070357686202
-13.34310354299026
-13.016409093344276
-13.016341310732392
-12.991519957224009
-12.99145216159067
-12.41865282221749
