# point_group C2v
# converged_scf_energy_hartree -37.726907678846
# casci_excited_state_energies_hartree
-37.820655585356
-37.777116552839
-37.619359775026
-37.608216198870
-37.570829659565
-37.418542878335
-37.408269976020
-37.387493026835
-37.357994214056
-37.345892822737
-37.299686084899
-37.288732204706
-37.238543341358
-37.219135199678
-37.132649962125
-37.070503301242
-36.993805828023
-36.975800686979
-36.940180771288
-36.918438241240
-36.890314146805
-36.782714636039
-36.779731220680
-36.708893842190
-36.655210291911
-36.422022030178
-36.373984621138
-36.262150559094
-26.941597600683
-26.912985563420
-26.900842286434
-26.873577733031
-26.855050281158
-26.852348812932
-26.723676810557
-26.718403060763
-26.690187171803
-26.685187247112
-26.569182797240
-26.524366758747
-26.485061020516
