# converged_scf_energy_hartree -37.881374540810
# note first listed CASCI value is the ground_state_energy_hartree
# casci_state_energies_hartree
-37.917558559574
-37.870172334678
-37.870172334678
-37.786448393822
-37.786448393822
-37.709110687939
-37.634917846890
-37.634917846890
-37.588792494458
-37.584231022551
-37.503291524035
-37.503291524035
-37.485251194547
-37.397770648417
-37.397770648417
-37.384285847388
-37.361333509300
-37.353317484762
-37.353317484762
-37.335092368409
-37.292007285528
-37.292007285528
-37.267184739196
-37.252137207527
-37.252137207527
-37.250522867129
-37.250522867128
-37.207523157742
-37.207523157742
-37.203642661061
-37.203642661061
-37.195134928196
-37.181414823943
-37.118341436645
-37.074235687164
-37.074235687164
-37.057088173801
-37.057088173800
-37.039448984416
-37.014659511589
-36.985003014964
-36.985003014964
-36.943522766530
-36.915629397736
-36.915629397736
-36.876770906629
-36.876770906629
-36.860375165709
-36.860375165708
-36.826321908843
-36.826321908843
-36.822011736122
-36.822011736122
-36.806489145570
-36.789454660617
-36.779231897389
-36.743368909911
-36.738945910220
-36.738945910220
-36.712532939816
-36.701791116029
-36.701791116029
-36.682356462716
-36.630252874254
-36.625174688417
-36.625174688417
-36.593910197875
-36.535536254928
-36.535536254928
-36.490902062886
-36.490902062886
-36.488091287378
-36.487926948135
-36.482025163119
-36.482025163119
-36.471051626749
-36.401602087395
-36.395590969465
-36.376406026595
-36.356395392567
-36.356395392567
-36.309142713723
-36.309142713723
-36.292598428426
-36.257168649918
-36.257168649918
-36.237781502034
-36.237781502034
-36.205092250871
-36.110543706996
-36.110543706996
-35.987823155854
-35.954964847498
-35.954964847498
-35.879332533534
-35.879332533534
-35.796376293979
-35.742285438544
-35.742285438544
-35.649665881590
-27.137613941016
-27.137613941016
-27.121610199580
-27.102643378251
-27.102643378251
-27.039735862124
-27.000971085625
-27.000971085625
-26.978084335892
-26.963140332929
-26.951661597915
-26.951661597915
-26.946732824192
-26.915066433912
-26.781549080498
-26.781549080498
-26.749523426927
-26.742943084936
-26.742943084936
-26.654280421085
-26.637699692724
-26.624072547303
-26.624038508078
-26.624038508078
-26.590690647214
-26.590690647214
-26.572856204859
-26.572856204859
-26.543307529705
-26.538059886725
-26.538059886725
-26.522875929533
-26.522875929533
-26.505740090156
-26.505740090156
-26.492677189806
-26.492677189806
-26.484724573211
-26.484724573211
-26.459541476496
-26.459494437616
-26.459494437616
-26.441314033337
-26.435934034444
-26.435934034444
-26.427338747767
-26.416290977781
-26.416290977781
-26.371042547001
-26.343149413086
-26.338703634629
-26.338703634629
-26.337936844907
-26.313482769500
-26.313482769500
-26.308407386449
-26.291931399757
-26.284840721242
-26.284840721242
-26.281634055783
-26.281634055783
-26.268161215496
-26.268161215496
-26.247347470528
-26.241330337786
-26.241330337786
-26.234543601546
-26.230810383177
-26.206619723116
-26.202915395254
-26.181399044171
-26.181399044171
-26.142314447142
-26.142314447142
-26.127831143696
-26.127831143696
-26.123207845185
-26.113120359562
-26.092762455153
-26.092762455153
-26.072486077325
-26.071809046073
-26.044027626654
-26.044027626654
-26.033705001338
-25.991250072821
-25.987428042652
-25.987428042652
-25.984679885559
-25.980203591129
-25.980203591129
-25.972323765801
-25.972323765801
-25.949655038928
-25.937058916207
-25.925111940911
-25.925111940911
-25.881001438767
-25.870665618104
-25.870665618104
-25.870003406530
-25.870003406530
-25.865879308745
-25.851282824373
-25.842509537222
-25.842509537222
-25.835745673176
-25.834223420581
-25.834223420581
-25.829412925278
-25.824522276795
-25.824522276795
-25.798579074991
-25.795645940874
-25.795645940874
-25.788801940439
-25.784940847783
-25.769484906372
-25.769484906372
-25.763256718767
-25.729359796978
-25.713492097204
-25.706698802023
-25.706698802023
-25.680991449716
-25.670015246288
-25.621392564087
-25.621392564087
-25.617683667017
-25.617683667017
-25.544565465811
-25.532835009340
-25.532835009340
-25.499378026821
-25.499378026821
-25.495967357667
-25.487410216206
-25.471005934933
-25.471005934933
-25.459124503310
-25.451431822695
-25.451431822695
-25.443826766723
-25.443826766723
-25.428173422570
-25.407367033319
-25.407367033319
-25.402925923737
-25.377239013956
-25.377239013956
-25.358223544926
-25.358223544926
-25.354921658188
-25.312593226942
-25.312593226942
-25.302792470690
-25.302792470690
-25.286105178305
-25.286105178305
-25.267951068404
-25.267951068404
-25.265941488946
-25.217260181859
-25.217260181859
-25.202183356775
-25.125474703884
-25.125474703884
-25.099951668853
-25.083917651804
-25.066304194281
-25.023649366120
-25.023649366120
-25.016605471776
-25.016605471776
-24.999915271537
-24.999915271537
-24.960912698217
-24.930621835462
-24.930621835462
-24.868779664285
-24.848287857239
-24.838014916564
-24.781094854416
-24.781094854416
-24.759199275299
-24.750760180530
-24.750760180530
-24.689946884089
-24.658668236689
-24.658668236689
-24.638894307118
-24.614716114538
-24.614716114538
-24.614612526663
-24.581880947048
-24.538261253328
-24.412218484508
-24.412218484508
-24.381231581540
-24.381231581540
-13.838584051197
-13.782639188271
-13.782639188271
-13.751146542992
-13.647249350309
-13.647249350309
-13.571449831549
-13.571449831549
-13.319559820362
-13.226042938979
-13.226042938979
-13.170172641574
-13.170172641574
-13.165723990381
-13.165723990381
-13.086575263593
-13.041714934271
-13.036646549596
-13.022699527257
-13.022699527257
-12.992512154150
-12.992512154150
-12.976424545523
-12.960506715853
-12.950549355098
-12.928642838739
-12.928642838739
-12.894689521250
-12.845248639625
-12.746876900820
-12.719501350365
-12.719501350365
-12.709675838546
-12.709675838546
-12.697204227232
-12.581069125727
-12.581069125727
-12.558091662706
-12.558091662706
-12.538068235491
-12.538068235491
-12.531602109298
-12.498863718216
-12.479517738123
-12.479517738123
-12.412909650730
-12.409480497806
-12.359043370265
-12.359043370265
-12.333909568556
-12.321717876286
-12.321717876286
-12.213893829161
-12.213893829161
-12.177353213186
-12.177353213186
-12.170834523829
-12.089840106774
-12.040608684919
-12.032370839652
-12.032370839652
-11.976947744841
-11.976947744841
-11.840916415907
-11.840916415907
-11.820521569665
-11.820521569665
-11.801025755354
-11.744403994429
-11.744403994429
-11.705316099856
-11.693310820044
-11.679989366096
-11.679989366096
-11.662958655033
-11.589007714470
-11.499038250567
-11.499038250567
-11.485194676227
-11.458513984979
-11.458513984979
-11.442462177761
-11.275856661810
-11.241955274952
-11.241955274952
-11.227326965304
-11.212278688441
-11.212278688441
-11.184391421501
-10.994659362929
-10.994659362929
-10.985796772114
-10.932837821071
-10.932837821071
-10.867632671635
-10.777773210063
-10.777773210063
-10.716390529357
-10.716390529357
-10.425698006031
