-38.895965945175995
-38.82767902298737
-38.742771070188326
-38.59899157365936
-38.586816940297055
-38.57842571280398
-38.55584560381895
-38.55317903303819
-38.52026110012496
-38.50973693848297
-38.50591969116118
-38.48113286655062
-38.475228876469934
-38.4287684282289
-38.41827269726476
-38.41415200165272
-38.377662240814864
-38.370984576770454
-38.35106607934298
-38.33842315339395
-38.32870299742649
-38.31411541997325
-38.2968995483453
-38.28818855751375
-38.28612289085723
-38.285424690583056
-38.26926364693693
-38.25835063673654
-38.22373148234927
-38.21955102795708
-38.184185583626885
-38.17445047249479
-38.17249166472461
-38.17178481382213
-38.16797890171748
-38.161399730670226
-38.110733704622895
-38.10270839282344
-38.09240692242488
-38.08968646073669
-38.086596302208626
-38.0836971038202
-38.039801606103936
-38.02711777365045
-38.02660244782632
-38.0258826361097
-38.02444835937542
-38.009647413828304
-37.99257262436448
-37.986763037274585
-37.98601057651654
-37.98538305818179
-37.969125942549226
-37.94688010556459
-37.94252605942342
-37.92870633988218
-37.92791353850651
-37.91435391152362
-37.91057169436439
-37.90824277376152
-37.90815373352302
-37.893828312417334
-37.88817218050464
-37.87991415213336
-37.87457825755835
-37.85700146391892
-37.84423745636738
-37.8367784600997
-37.82866502838534
-37.814340868557565
-37.80394883228093
-37.77612239706682
-37.77305368139285
-37.76796733691761
-37.76406141735685
-37.738706904139804
-37.73296481315068
-37.709899498902395
-37.69987956805187
-37.692696193732324
-37.68897555286277
-37.684563526927
-37.66988886436531
-37.649616981875226
-37.64402439485526
-37.59896440096608
-37.59443816414213
-37.58130882912963
-37.56428665236858
-37.54855122917199
-37.53908628651801
-37.532115601678484
-37.518031634844164
-37.515414319741105
-37.497307418215286
-37.48803714795716
-37.47167717694788
-37.46984617187202
-37.45404290561132
-37.42132283667833
-37.3328641981624
-37.331990053314755
-37.3276553321694
-37.32031028081824
-37.30519770291632
-37.29464834969224
-37.28694075114775
-37.26614449339314
-37.26134640977285
-37.251674692403256
-37.2096890213877
-37.11443896939641
-37.05846962798199
-37.03082578739295
-37.0303103713833
-36.73340782791637
-36.715125711128984
