-99.84003917112922
-99.83846990092515
-99.83521664979413
-99.82929390323734
-99.82646816920847
-99.56347590439893
-99.31739801758803
-99.29601454294009
-99.24182121469647
-99.23103036791316
-99.21731550169427
-99.20357190907642
-99.13118281401776
-99.1256982377401
-99.01806257624469
-98.86558806000119
-98.85740320621625
-98.56254804849745
-98.55141727251225
-98.54622101863686
-98.53364925059486
-98.48430696002154
-98.46076620669292
-98.43785634496136
-98.42590811242482
-98.41938935055265
-98.40128123392564
-98.37930428462343
-98.37826048200792
-98.36977520771514
-98.36484485889558
-98.36306112801529
-98.3494445268028
-98.3474114751146
-98.30301257875456
-98.30265517366162
-98.29768268602838
-98.29228027664654
-98.21063302314312
-98.16577988355073
-98.16206650696468
-98.14513230269851
-98.14482560712416
-98.1331912937381
-98.11749521980268
-98.10160518932395
-98.09647791788487
-98.08946069540033
-98.07013575193231
-98.06985134389257
-98.06945772481083
-98.00349859894365
-97.9884544863394
-97.96127338204012
-97.91303677835309
-97.87604934997266
-97.87544504781725
-97.86261906632046
-97.85006057917788
-97.84157159594851
-97.81788727476764
-97.80817376446502
-97.80568735196282
-97.78600397637354
-97.76684443537872
-97.74666739456488
-97.73849318088249
-97.70011331636262
-97.69169103652006
-97.62575320362758
-97.5959277357717
-97.59378331305727
-97.54854292058484
-97.54010391690952
-97.44444202473066
-97.28152128786346
-97.27541345483378
-97.23622457534601
-97.20024197679663
-97.18425504407274
-97.17608834180936
-97.14942666981828
-97.12509364024646
-97.1241623707738
-97.07456769323676
-97.07038002430178
-97.02132674662374
-96.98741754809693
-96.90569710304719
-96.89879457097781
-96.84465769774259
-96.80894263940827
-96.80466029612748
-96.79786659023111
-96.77271673902119
-96.72821795153007
-96.7243844999473
-96.72381337362043
-96.72048839525002
-96.714645076223
-96.70474981224811
-96.70241389377408
-96.68122770581863
-96.62224447583611
-96.6103920669598
-96.6027811442256
-96.58860290830722
-96.57554387848536
-96.56857868478254
-96.55951869427454
-96.5272024509272
-96.46773248783168
-96.4622913765942
-95.94565151271185
-95.86407244195834
-95.85406430124137
-95.75946485458168
