-99.534123266289
-99.521572883565
-99.511816289197
-99.498650518963
-99.378097627036
-99.319959255416
-98.714803550776
-98.635134404308
-98.633653818381
-98.623940267895
-98.616715657732
-98.599777069500
-98.594234020382
-98.593806929356
-98.584583725797
-98.568392496252
-98.533454591810
-98.520614671839
-98.513404709612
-98.495039284196
-98.494333478597
-98.454299044226
-98.376415482831
-98.353216149195
-98.313449553111
-98.257955288296
-98.179943217576
-98.102950527383
-98.045876913505
-98.002744971816
-97.994966983460
-97.963452866660
-97.961240329373
-97.940091261228
-97.919895813817
-97.918920342200
-97.912551756283
-97.906753167442
-97.895741865830
-97.884267239154
-97.881973794419
-97.881550043118
-97.874245947346
-97.856095631229
-97.840880378501
-97.835899879909
-97.834586894938
-97.832899681849
-97.827935715768
-97.810405053698
-97.802387748846
-97.794604748036
-97.794542761753
-97.783578972748
-97.779861928181
-97.776336761689
-97.774792690695
-97.772807924559
-97.767318808262
-97.760818234085
-97.743036737516
-97.729144974207
-97.699919371465
-97.697940097646
-97.664192519282
-97.642733833845
-97.627635821525
-97.601072736816
-97.590151348770
-97.584308389405
-97.534033533584
-97.529622140495
-97.496141751441
-97.495307282743
-97.397116330752
-97.240903737156
-97.170538385583
-97.136861054783
-97.127903323655
-97.096127717702
-97.084662778870
-97.054572131889
-97.044989452144
-97.038406887691
-97.018248203484
-97.016323691242
-97.000663951533
-96.988847694370
-96.981994168003
-96.960545850105
-96.956831125673
-96.941477699905
-96.929713893267
-96.925389409311
-96.895419838146
-96.895418215157
-96.886002896311
-96.879773742705
-96.871596271649
-96.859002576346
-96.850731594653
-96.848029395646
-96.826666217170
-96.826629246664
-96.826592632441
-96.817611995832
-96.808967631687
-96.805470803856
-96.798357292752
-96.785796038007
-96.763981498097
-96.760212122512
-96.741992325065
-96.736004384291
-96.725621209519
-96.705953164295
-96.703668456236
