-99.82469130131392
-99.8190156288944
-99.81738255331024
-99.81565609577927
-99.80879212322424
-99.56237743684929
-99.28980119070945
-99.26980573595971
-99.2105656952731
-99.20443082295321
-99.19645065391713
-99.17855913796478
-99.10995546369581
-99.10529424843412
-98.99816679969099
-98.87302752817321
-98.86131842640057
-98.67579397323345
-98.66647480891335
-98.6624774739053
-98.65166937229505
-98.51068672882565
-98.45256756187733
-98.441815749063
-98.44178799804345
-98.42618517209398
-98.40973056098606
-98.38154965003622
-98.3765788207988
-98.36608390799105
-98.35988323249255
-98.35905847134745
-98.34139983153685
-98.33224795183514
-98.32727338190573
-98.31155195892201
-98.28651596974595
-98.2760106260786
-98.24686778770494
-98.18290577687597
-98.17286539465486
-98.15948967620213
-98.14774785379484
-98.14493193349412
-98.13328489331708
-98.12024048029862
-98.10838057221207
-98.10520814170312
-98.09050249208086
-98.08659752474443
-98.04680523582951
-98.03755104688699
-98.02135183787959
-97.95811988021771
-97.915053670764
-97.91424895365508
-97.90977969873455
-97.89513275676762
-97.87716266239354
-97.87641249572441
-97.85070840993313
-97.82526644350231
-97.80883765301658
-97.80743558714988
-97.80589042248735
-97.80242871712227
-97.78081479053643
-97.778910818679
-97.77160044553742
-97.72512109673838
-97.7078760485506
-97.64537997291869
-97.63893395268578
-97.59904002171845
-97.54414938409528
-97.29081382147504
-97.2758186199116
-97.27009481314634
-97.25296505965868
-97.23748665732408
-97.22638248638637
-97.2008613696502
-97.17652973596813
-97.17308534667825
-97.12738199691783
-97.12136784553572
-97.07365208666793
-97.04028584886801
-97.02815983123779
-97.02210247045102
-96.93157941868726
-96.92780029089745
-96.89455558167103
-96.84248956576394
-96.83690047512914
-96.83595813007992
-96.81245790247246
-96.76958384418616
-96.76937404464624
-96.76815346192969
-96.75946290812941
-96.75929325637593
-96.74991538682929
-96.74456186783475
-96.72788449823744
-96.72119550200212
-96.71574630177983
-96.671575867536
-96.64721009407602
-96.63657151798942
-96.5923992065973
-96.57624422154468
-96.56871056848837
-96.2244514053678
-96.14034897514092
-96.13327269064112
-96.04069983552783
