-1.8658987252675638
-1.865671131700677
-1.8647298847624607
-1.8646546165707265
-1.8642370250774534
-1.2709561254310715
-1.2699331357141082
-1.2696395007953047
-1.2685745107681041
-1.26830198875548
-1.2682351422325833
-1.2571648382301663
-1.25637955238214
-1.2471722100605183
-1.2468909192899906
-1.1792630315862265
-1.1786291297477793
-1.17829487549649
-1.1779140446854734
-1.1716523630908147
-1.1701749922630533
-1.1670984762677807
-1.1651219214021917
-0.6684047311377389
-0.3744552121558786
-0.3744232845105595
