# converged_scf_energy_hartree -1.313311786221
# note first listed CASCI value is the ground_state_energy_hartree
# casci_state_energies_hartree
-1.867291372401
-1.866833140846
-1.866341488033
-1.866087367687
-1.865849613891
-1.865645488772
-1.271620197720
-1.271301826671
-1.270123537261
-1.269803783040
-1.268979889830
-1.268470977741
-1.268451282022
-1.267806010815
-1.267401776771
-1.267292512192
-1.266885162313
-1.266806478358
-1.182411775175
-1.182374888198
-1.182365312714
-1.182327321537
-1.177291842342
-1.177290323712
-1.177281271888
-1.177275074973
-1.142581497909
-1.142576999243
-1.141864587796
-1.141859369586
-0.725692024636
-0.725683800121
-0.609330015880
-0.608536882744
-0.374319803070
-0.374319803064
