-1.8658953359134716
-1.865645488877634
-1.864843547836812
-1.864737971219843
-1.8637367935838565
-1.270983289843197
-1.2698827317897485
-1.2696441132631664
-1.2685739091290569
-1.2683128886487058
-1.2682354801412834
-1.2575423465615885
-1.2558047303303665
-1.2476324230760711
-1.2460217407423178
-1.1792689941120982
-1.1786937855165953
-1.1782773867919767
-1.1779070942359129
-1.171964063568882
-1.169972099467531
-1.1674477838014814
-1.1649116779998825
-0.6684033548176604
-0.3744549568901924
-0.3744228140059224
