-108.65039854083058
-108.60294651932102
-108.6028313037942
-108.5580166730655
-108.55584846499234
-108.52736921014562
-108.52702536869629
-108.36122133440404
-108.29204223659238
-108.29204223659173
-108.28504754961968
-108.22300198772591
-108.22277371159687
-108.22277371159672
-108.21413408672628
-108.13898172805644
-108.13898172805567
-108.10158629728386
-108.0335708644289
-108.02277298611983
-108.02277298611968
-108.01587954241643
-108.01587954241432
-108.01206453499493
-108.01183625886674
-107.57153903894623
