# converged_scf_energy_hartree -37.726907678846
# casci_excited_state_energies_hartree
-37.790590055298
-37.790590055298
-37.777116552839
-37.776993007833
-37.776993007833
-37.681362808036
-37.667061806343
-37.667061806343
-37.619359775026
-37.619359775026
-37.608216198870
-37.607341825572
-37.607341825572
-37.601252281408
-37.570829659565
-37.561364004082
-37.561364004082
-37.557887296928
-37.557887296928
-37.522257341603
-37.479434996924
-37.418542878335
-37.418542878335
-37.408269976020
-37.406577887884
-37.406577887884
-37.387493026835
-37.381709411586
-37.381709411586
-37.357994214056
-37.357994214056
-37.345892822737
-37.340214399914
-37.331445664954
-37.331445664954
-37.299686084899
-37.299686084898
-37.288732204706
-37.281547829042
-37.281547829042
