-37.762432756637615
-37.75270678199914
-37.68579421795601
-37.59614362847405
-37.58471300266441
-37.548602765267994
-37.532651493467895
-37.51167713327425
-37.44356278213401
-37.398625293745596
-37.29362874027855
-37.256683136831825
-37.23110297633202
-37.20962978749847
-37.19651856685331
-37.19118085386996
-37.12968932182095
-37.12047482816141
-36.958696086018854
-36.88885282441444
-36.79929195174075
-36.74435834769866
-36.62982525515848
-36.5918510033466
-36.512826924486944
-36.46037129237298
-36.25630223395717
-36.23052008340011
-36.132510711352054
-35.403953498768466
-35.21446806481016
-34.72098057291646
-34.651402155425686
-33.38613301093945
-33.24519109066424
-33.13619094596597
-33.10163457785212
-32.68699134251031
-31.67079935128507
-31.643872302773115
-31.03211901155783
-30.74560880408609
-30.586428762434604
-30.49280212911677
-30.25662670794357
-29.52347722625924
-29.248620152853015
-29.20336455346473
-28.72939865811656
-28.626441191864647
-27.960827059847368
-27.92243650900038
-27.26626195955311
-27.14055431865665
-26.9340385417704
-26.886423541405605
-26.876626638356214
-26.86727611763539
-26.85086644157528
-26.82637827640198
-26.7919362798326
-26.776833992681173
-26.748995827348185
-26.504266716896367
-26.498968990397838
-26.431496286296383
-26.415297031428395
-26.384794714587063
-26.351933017667125
-26.3381920410534
-26.326336907330823
-26.283155044551293
-26.259123967443024
-26.209061336298976
-26.1628546238211
-26.139031070767196
-25.88350149736684
-25.86216828951363
-25.79215608701781
-25.748250811284553
-25.67127061066749
-25.65828366514367
-25.602174857946768
-25.560484809061197
-25.465941651445586
-25.44748207997873
-25.131266731503533
-25.01858494073028
-24.723451817707573
-24.65792388569013
-24.447847417941556
-24.207782622989125
-23.839332946188208
-22.6403031983946
-22.368641758818402
-21.79225391088886
-21.411731961866238
-20.87339248081534
-20.382451395888598
-20.211577041606645
-20.08961659408888
-19.59119927832401
-18.556192860895443
-17.93053810046907
-17.411350683842336
-16.33321742963844
-16.169339767983153
-15.848793016584278
-14.808782271035414
-13.95466855141252
-13.479147047716374
-13.344179489920302
-12.995100318935421
-12.945422578852293
-12.555905375884464
-12.479009899538173
-12.262304399695875
