-37.786138158086764
-37.78613009619123
-37.77710223629356
-37.771663917955784
-37.7716567032238
-37.669195638587446
-37.66415947431462
-37.66414877889174
-37.609055635395464
-37.60905532302879
-37.60420897497419
-37.60388366426057
-37.603867397710204
-37.60120169463382
-37.5655216532851
-37.56136054472458
-37.56136042441325
-37.553935071793646
-37.553928318377245
-37.449811895248025
-37.416979578754365
-37.41697957767391
-37.40299856111016
-37.40064560860768
-37.40064553697662
-37.37799584787137
-37.37799371642594
-37.37551603501154
-37.345692369222405
-37.25685288849118
-37.256852871751086
-37.2474244244632
-37.247424266419685
-37.22207006252233
-37.222070009980065
-37.2202170387005
-37.21377103961348
-37.20395572284362
-37.19842170946195
-37.13201709082391
-37.13201673159934
-37.058225644246136
-37.00712939196335
-37.007129306098946
-36.93863592986967
-36.92735698815793
-36.913423700017
-36.91342322776269
-36.82153813218569
-36.821532297693096
-36.79652034888033
-36.796514532785615
-36.708711949938696
-36.39632303809426
-26.97755419682308
-26.946716498004978
-26.94668926405826
-26.918974197039795
-26.9080767469144
-26.905857764814222
-26.905830605509326
-26.887842991033015
-26.887842717522524
-26.878011613490226
-26.877984257239294
-26.873830189273175
-26.865214093017983
-26.863631056385533
-26.863630785878012
-26.855442204010934
-26.84560016986715
-26.82985766887729
-26.823996034753094
-26.823968723990046
-26.812852301182225
-26.812825195902967
-26.799264035476305
-26.799236941676618
-26.656193091788882
-26.553684984105065
-26.483085090261397
-26.483056137955522
-26.473736218632215
-26.473736147305875
-26.450340077509544
-26.450311109513134
-26.42005403309791
-26.378874683402575
-26.378874611464205
-26.324668772967666
-26.28876474140412
-26.288764093515468
-26.28082154542152
-26.27311792293734
-26.20504843585236
-26.205048145240973
-26.17638532190611
-26.176384598434595
-26.108255378719644
-26.100132392435725
-26.10013002806619
-26.06489067346652
-25.987563565766166
-25.98756241051581
-25.980188064562622
-25.980187605992462
-25.685007100476888
-25.590042028759697
-13.431957493656828
-13.377070615023179
-13.377070357684492
-13.343103542988445
-13.016409093342743
-13.016341310731006
-12.991519957222694
-12.991452161589196
-12.418652822216327
