-99.826555489411
-99.819391999635
-99.819060169585
-99.818288272748
-99.810749524492
-99.567304451879
-99.310262788207
-99.288135514051
-99.271799831116
-99.227037802310
-99.223854036875
-99.195797150074
-99.175051436193
-99.174009420557
-99.037527956859
-98.885783057939
-98.885170499134
-98.876579064950
-98.876077950365
-98.874204513410
-98.863816455756
-98.511795168832
-98.490959112591
-98.470296572948
-98.468202554355
-98.458003578506
-98.454826268216
-98.447554751769
-98.441833884159
-98.441338823864
-98.441105301977
-98.435416683820
-98.434089383168
-98.430526848979
-98.429474871978
-98.411904340463
-98.398971624219
-98.392168913676
-98.383369871967
-98.369149369252
-98.363624487302
-98.343357074923
-98.341713448647
-98.341662007512
-98.341497263550
-98.339759775166
-98.337491904587
-98.332312500198
-98.323636879945
-98.292740169048
-98.280362900724
-98.254966437418
-98.248841869653
-98.215792336588
-98.212855413439
-98.203170421486
-98.190886844446
-98.177336069587
-98.169855484760
-98.160762382851
-98.159391927854
-98.153059728164
-98.126083077168
-98.125259836149
-98.122656520960
-98.098487752380
-98.095655974870
-98.085319120358
-98.073471300089
-98.071978919905
-98.061652110319
-98.061310772608
-98.054663219446
-97.934733031040
-97.853691228687
-97.799892846372
-97.681098020436
-97.657432321750
-97.649115292543
-97.626117274642
-97.609105804861
-97.601820022360
-97.594091851101
-97.570110230984
-97.551358834752
-97.490812939496
-97.488081421481
-97.485564113286
-97.477504558136
-97.439276493330
-97.436204933007
-97.431030361324
-97.421342267078
-97.409424890607
-97.404361926032
-97.394681480813
-97.392705193279
-97.391382382240
-97.391310643199
-97.379149417119
-97.375059829549
-97.369568044805
-97.367042618584
-97.361132842438
-97.323821542770
-97.322751954788
-97.318065494351
-97.317126908449
-97.296656512703
-97.290013833247
-97.265583256795
-97.260726195658
-97.235028139549
-97.227944160365
-97.226961998211
-97.201095837851
-97.186445797111
