-1.8659255879836272
-1.8653380792536902
-1.8572833320143125
-1.7030215973801488
-1.2835494839088224
-1.2705930630912954
-1.2685385736016266
-1.2682903556312584
-1.268270514580285
-1.2621672552064813
-1.2542393496256354
-1.246885673588757
-1.2399329719035517
-1.2104919792854192
-1.2082105466438608
-1.1813795466342294
-1.1810872440594795
-1.1778589679114106
-1.177517833852503
-1.1767815404888207
-1.1756318729011097
-1.1549788772745473
-1.154685274926533
-0.6659597747139058
-0.3756185257214857
-0.3756156558010555
