-37.790590055324
-37.790590055324
-37.777116552815
-37.776993007843
-37.776993007843
-37.681362808051
-37.667061806324
-37.667061806323
-37.619359775032
-37.619359775032
-37.608216198850
-37.607341825542
-37.607341825542
-37.601252281438
-37.570829659541
-37.561364004063
-37.561364004063
-37.557887296900
-37.557887296900
-37.522257341580
-37.479434996864
-37.418542878364
-37.418542878363
-37.408269976014
-37.406577887879
-37.406577887879
-37.387493026797
-37.381709411558
-37.381709411558
-37.357994214033
-37.357994214033
-37.345892822752
-37.340214399886
-37.331445664923
-37.331445664923
-37.299686084837
-37.299686084837
-37.288732204686
-37.281547829015
-37.281547829015
-37.250347023349
-37.250347023349
-37.238543341296
-37.228098727032
-37.219135199701
-37.216407231492
-37.205027862747
-37.205027862747
-37.132649962126
-37.132649962126
-37.125035276696
-37.115834317729
-37.115834317729
-37.101710659117
-37.070503301233
-37.061984192900
-37.058449092625
-37.058449092625
-37.032243754496
-36.993805828011
-36.993805828011
-36.988701339363
-36.988701339363
-36.985423316147
-36.975800686954
-36.975800686954
-36.973932854565
-36.973932854565
-36.962897182896
-36.940180771321
-36.918438241238
-36.915694931301
-36.915694931301
-36.898111049592
-36.898111049592
-36.890314146779
-36.889835795617
-36.889835795617
-36.832325659718
-36.818452560851
-36.818452560851
-36.782714635997
-36.779731220611
-36.779731220611
-36.777681899605
-36.777681899605
-36.708893842223
-36.677648530268
-36.677648530268
-36.655210291857
-36.468479977775
-36.468479977775
-36.428927776935
-36.422022030218
-36.408491633017
-36.408491633017
-36.373984621176
-36.373984621176
-36.262150559130
-27.042985747285
-26.999620037198
-26.999620037198
-26.970510578139
-26.964629197635
-26.964629197635
-26.941597600714
-26.941597600714
-26.939354460788
-26.912985563450
-26.907654513910
-26.900842286467
-26.900842286467
-26.879200436200
-26.879200436200
-26.873577733063
-26.858087936729
-26.858087936729
