-95.04679843325181
-95.03730652627118
-94.98313637423638
-94.96506447660788
-94.96181391947671
-94.961813919474
-94.9478344986315
-94.93571544285548
-94.90362833009105
-94.9008023915438
-94.86507547745094
-94.86306499540666
-94.86306499540267
-94.8578667247918
-94.83782980685459
-94.83782980684849
-94.78627222320334
-94.77677843757475
-94.7641893745189
-94.75801628847978
-94.740875162534
-94.72472441041785
-94.68762885503834
-94.65608447491209
-94.63501167873943
-94.62733290386846
-94.61288612399476
-94.59887166175787
-94.58727085069184
-94.5782457251311
-94.55908018639732
-94.51191479003845
-94.48436026122286
-94.48436026122054
-94.48342236027499
-94.48342236027365
-94.47631794797775
-94.38947154886004
-94.38947154885827
-94.38059685603923
-94.37981819209449
-94.34807020277884
-94.29456851056348
-94.28293746470051
-94.27859298622383
-94.26223574694603
-94.2604876541895
-94.23203361684165
-94.20652607191126
-94.20652607190841
-94.18636233137448
-94.17035969824208
-94.16488367602662
-94.16331219466026
-94.13690865589064
-94.13375367013107
-94.12932943518159
-94.1283578347656
-94.12150712033137
-94.11509651015702
-94.11509651015487
-94.11106423603493
-94.09354629123966
-94.09354629123841
-94.08951439424571
-94.07769912148245
-94.07295353532523
-94.06678211495426
-94.06211484858552
-94.05029628301739
-94.04263540291775
-94.04152493434188
-94.03649813011296
-94.0263694402532
-94.02617972123849
-94.01815198616221
-93.96543406260034
-93.92912479830558
-93.92719743363446
-93.9160596979464
-93.91091677289428
-93.90725966378682
-93.8873394980555
-93.87935251721872
-93.86450795216034
-93.85166587232884
-93.83648504518904
-93.83528288750726
-93.78498687038312
-93.7522003120964
-93.43270089072091
-93.430266495643
-93.41854447838274
-93.33675525185588
-93.3328056216199
-93.33049524791099
-93.3297709050035
-93.32951248195872
-93.18969536302795
-90.77457681812798
-90.77457681812508
-90.72917044330649
-90.72917044330443
-90.71268236040297
-90.71268236039965
-90.55851729973553
-90.55851729973406
-90.47677310814319
-90.47677310814049
-90.4592688842016
-90.45926888419845
-89.80232446682832
-89.80232446682527
-89.79604111645594
-89.79604111645554
-89.79464128336642
-89.7946412833632
