-99.53082351246285
-99.51924663499472
-99.50835136347062
-99.49620701796078
-99.37745567746936
-99.3178502295753
-98.63204760123138
-98.62155190104019
-98.59694272977849
-98.59375598383747
-98.59120601317913
-98.58235607691594
-98.53318414125327
-98.51965272451636
-98.51094622391476
-98.50770468009978
-98.49972868557073
-98.49414138331504
-98.48818594794523
-98.44524728542454
-98.39459956179816
-98.38378903282063
-98.37538807538994
-98.353070948928
-98.31315261343089
-98.19184753885627
-98.17822754783046
-98.06844935923542
-98.00937380140084
-97.95904904616313
-97.95197798325042
-97.92614494817533
-97.89132428749544
-97.86917543045048
-97.86205095144592
-97.85529357536039
-97.84990233362308
-97.84082112188946
-97.82932921786272
-97.81046959154351
-97.80211004933663
-97.79968125278951
-97.79582753589592
-97.79138373923665
-97.78990796748666
-97.76045711468399
-97.75782174572727
-97.75131051454431
-97.74935186984557
-97.73939017347233
-97.73711443224883
-97.73317554104091
-97.72456934345426
-97.70337537697192
-97.68720248614515
-97.68445819268842
-97.68039489451208
-97.66647708329093
-97.65537993135761
-97.64463585969834
-97.62009713781815
-97.61557891838822
-97.56929592499328
-97.56915137980079
-97.5616080493509
-97.55141209139586
-97.52129402270532
-97.48062091086858
-97.46972018692608
-97.44795484088834
-97.44000476203625
-97.43217277742876
-97.42006043059585
-97.41801551546585
-97.31869630255326
-97.18481008462756
-97.12286737187996
-97.11313446048038
-97.07090913105465
-97.06078225335375
-97.03830087795802
-97.02280030991632
-96.9909146572183
-96.97873090246071
-96.96834423430309
-96.96831229081579
-96.94906236017414
-96.93794024259076
-96.91385208792343
-96.90528627481098
-96.87798219169974
-96.87469138879635
-96.86954258824554
-96.8288910787265
-96.81627214102305
-96.79660190909213
-96.78007331856672
-96.7795113045946
-96.74344496457385
-96.73282747469258
-96.71573081307159
-96.69391123774167
-96.69032914485737
-96.68337967350807
-96.66548388954682
-96.65547316053076
-96.62405494796911
-96.5807464128585
-96.57650184158295
-96.54964373688294
-96.54238007231011
-96.53599125234321
-96.48319057536234
-96.45809668316974
-96.45219402252553
-96.45062527782622
-96.23634583525168
