-99.82496593873888
-99.81901814596878
-99.8176808057855
-99.81589917166909
-99.80895075248336
-99.56244238356568
-99.29075945531697
-99.27026933998577
-99.21067235035471
-99.20531082591121
-99.19793500434155
-99.17894299377834
-99.111680546625
-99.1067011629708
-98.99930641389055
-98.87324142838621
-98.86167776963602
-98.6844210645212
-98.67560884266233
-98.6708852303142
-98.66068864615086
-98.51080789127128
-98.45285253792588
-98.44351417643304
-98.44181471124695
-98.42701885700536
-98.41000835527942
-98.38170769294464
-98.37880849095538
-98.36628679712129
-98.36126507909457
-98.35997723679537
-98.34138799105577
-98.33241199689891
-98.32754940241162
-98.31178387175345
-98.28680808015481
-98.2762578378219
-98.2529034401709
-98.1901538730049
-98.17893815142342
-98.16428992903131
-98.14815610879646
-98.14538059587724
-98.13970865824353
-98.12071884698358
-98.1179033417693
-98.1133550962287
-98.09996906177862
-98.08746775895551
-98.04727530648314
-98.04411751453388
-98.02824510877578
-97.98123634930047
-97.93725558569675
-97.9286206194498
-97.91630263694978
-97.90195914303439
-97.89956049227109
-97.89128554144796
-97.86843947651106
-97.86572370819982
-97.85462421645285
-97.83385368713205
-97.82463120752921
-97.82337170168836
-97.82124456371683
-97.81646333474123
-97.78789255686048
-97.73410095963884
-97.72172101374916
-97.65442481478121
-97.64749387922564
-97.62332653242026
-97.55258132691688
-97.29692833847633
-97.27611051783427
-97.27038154077724
-97.25894958787423
-97.2437365126148
-97.2316724640708
-97.20706243413849
-97.18259597887176
-97.17869006982018
-97.1382231502483
-97.12287970440018
-97.08446087080415
-97.05154352589665
-97.02765812723246
-97.0216264467602
-96.93108309218698
-96.92730893589544
-96.9009051152218
-96.84254251411245
-96.83677271723883
-96.83580956518543
-96.81316940857292
-96.78495112978311
-96.77220625771038
-96.77182045721412
-96.76680942005652
-96.75920609414453
-96.75823662981644
-96.7443845865309
-96.73442297750046
-96.73312673477523
-96.71576699720657
-96.67788512360693
-96.6573874604156
-96.6369388990948
-96.59250832113126
-96.57859101272265
-96.57209102609748
-96.22550632500129
-96.14205431735392
-96.13435068666149
-96.04183809439593
