-108.653615930677
-108.611354429906
-108.611354429906
-108.607402820110
-108.607402820110
-108.563626747047
-108.563296808116
-108.542168693279
-108.542168693279
-108.535679937697
-108.535679937697
-108.361953712429
-108.354517762089
-108.354517762089
-108.292726606623
-108.292726606623
-108.290024269674
-108.290024269674
-108.289132259578
-108.254052230342
-108.254052230342
-108.235405539144
-108.234387211761
-108.227003015080
-108.227003015080
-108.224732430688
-108.224732430688
-108.223116212989
-108.223116212989
-108.198682265534
-108.198682265534
-108.197940159718
-108.197940159718
-108.177816935080
-108.173155542689
-108.173155542689
-108.145633114662
-108.142699086916
-108.142699086916
-108.129166981105
-108.129166981105
-108.102213712559
-108.084409501623
-108.059721736383
-108.059721736383
-108.042770398219
-108.039571835967
-108.029137425319
-108.029137425319
-108.028611375466
-108.028611375466
-108.018064662182
-108.015674324221
-108.015674324221
-108.013473896594
-107.975882726199
-107.975882726199
-107.930576826726
-107.930576826726
-107.911526307013
-107.911526307012
-107.871443119851
-107.865589064285
-107.865589064285
-107.861897739065
-107.861897739065
-107.860251888623
-107.846123283278
-107.830606250208
-107.830606250208
-107.810446891153
-107.810446891153
-107.800740668644
-107.800740668644
-107.800508540286
-107.800508540286
-107.766714901473
-107.766714901473
-107.766047667072
-107.759747816953
-107.759747816953
-107.758111037803
-107.758111037803
-107.756426878519
-107.726144774482
-107.720985276539
-107.720985276539
-107.714988010691
-107.709366304841
-107.709366304841
-107.708865082107
-107.700199478424
-107.696187730395
-107.696187730395
-107.691685317810
-107.691685317810
-107.689359864732
-107.689359864732
-107.685468157750
-107.685468157750
-107.685002241012
-107.683830813592
-107.683830813592
-107.675196272562
-107.674548616237
-107.674548616237
-107.674108757578
-107.674108757578
-107.670206273938
-107.670206273938
-107.661717124747
-107.658809953740
-107.658809953740
-107.654240865171
-107.654240865171
-107.653787285822
-107.644960186140
