-108.65332493984786
-108.61010715132186
-108.61007721471704
-108.60569252127749
-108.60558289161278
-108.56123973951452
-108.55879803202248
-108.54088222886374
-108.54084941603881
-108.53053230716655
-108.5301998200048
-108.36193257150121
-108.35445226241143
-108.35444657485812
-108.29270932986121
-108.29270930862477
-108.28947356086816
-108.28944855894136
-108.28695805454169
-108.25400740829627
-108.25400629401484
-108.23497283403202
-108.22767018671868
-108.22658891368216
-108.22657735712967
-108.22467324722938
-108.2246675951719
-108.22311449879888
-108.22311449657381
-108.19863557540562
-108.19863058618974
-108.19783875178815
-108.19783763659142
-108.1742440295051
-108.17234923632054
-108.17229847684808
-108.14500263195198
-108.14259853382917
-108.14259512423467
-108.12843018491114
-108.12839928131369
-108.10201426360868
-108.08330836542285
-108.05896620228758
-108.05893182973999
-108.04218375053135
-108.03912351857197
-108.02846402954239
-108.02843150824516
-108.0283503557187
-108.02834479098804
-108.01791734856681
-108.01555616303018
-108.0155489074655
-108.0132676417165
-107.96013299530173
-107.96006248543097
-107.89541916342095
-107.89534249396202
-107.8459394652274
-107.79895242382304
-107.79885049662526
-107.76583361074468
-107.758012842935
-107.75800526630955
-107.75440371891213
-107.72592332156854
-107.71931661261245
-107.71922303847374
-107.70867413719657
-107.70864863920394
-107.70460965248789
-107.69984993556987
-107.69156387309843
-107.69155690842742
-107.68273983578274
-107.68271499825869
-107.68255636766209
-107.68252127160596
-107.67384263591993
-107.67382438559632
-107.67294367540705
-107.67043014041215
-107.67024328914881
-107.67013384624279
-107.67013267311529
-107.65261722419686
-107.65252250890833
-107.64914475748513
-107.64369361528182
-107.6436692356729
-107.63372984125466
-107.63130232289794
-107.6313011531285
-107.62073913670932
-107.62040516362259
-107.60796004807065
-107.59648599725969
-107.59646835740855
-107.58665846889322
-107.55758769714312
-107.55757203468899
-107.37262079088582
-107.37256484921093
-107.35909515076348
-107.34131094015213
-107.34125591829117
-107.30420582329579
-107.08703660141595
-107.0870025581355
-107.05955577748486
-107.030464486323
-107.0304323729044
-107.01610040780065
-106.98168429683396
-106.98163720360392
-106.9368180659956
