-37.78561360040112
-37.785613595370606
-37.77709440443561
-37.771114929508656
-37.771114925456615
-37.669358018649156
-37.664017570788616
-37.664017558382305
-37.60897549374164
-37.60897549374139
-37.604116831682994
-37.60365886207292
-37.60365884457886
-37.60116655728395
-37.565373474720104
-37.561360442776824
-37.5613604419257
-37.55369115283427
-37.55369114386598
-37.451642706418845
-37.417349232506865
-37.417349232506595
-37.403310070378026
-37.400434151271924
-37.40043414636823
-37.377707318855954
-37.37770731179164
-37.375610397048135
-37.345597084297026
-37.25979482349472
-37.259794823494374
-37.247231309052296
-37.24723129762138
-37.220475755935524
-37.22047575196986
-37.22019930625807
-37.21495006346369
-37.205543517913405
-37.201381449181376
-37.11233289448844
-37.11233289105923
-37.05762826542257
-37.006477122668336
-37.00647712266746
-36.938579899278025
-36.92677048293233
-36.89219336133032
-36.89219335791224
-36.815256404863604
-36.81525634186474
-36.789459294249674
-36.78945923116561
-36.708586324778025
-36.39639955793099
-26.974150881434465
-26.944406297019203
-26.94440626895034
-26.9164128747793
-26.905618670166046
-26.903213307473486
-26.903213277758493
-26.884840150810874
-26.884840150810447
-26.877880682939853
-26.87788065569073
-26.87160633331606
-26.863632595574593
-26.861233474029618
-26.861233474028865
-26.855161975076687
-26.84407322994216
-26.827639432011356
-26.82366865147167
-26.823668624070116
-26.812366388285067
-26.81236636168266
-26.799042644488267
-26.799042619075692
-26.65611119912037
-26.553611805030172
-26.47367315998251
-26.473673159982198
-26.437905970514187
-26.43790593988398
-26.41993524688969
-26.40506077093612
-26.40506073910661
-26.378838459689426
-26.378838459689128
-26.324579206099816
-26.28083404852938
-26.279867865630745
-26.27986782035069
-26.273114709700984
-26.194336760113472
-26.194336712056657
-26.165930348461224
-26.165930300023224
-26.108054148684957
-26.087917497512304
-26.087917443134945
-26.06468110927221
-25.976938749962585
-25.97693870025504
-25.969499728120528
-25.969499680865272
-25.684880711162613
-25.589928206844924
-13.4319544129618
-13.37706749445838
-13.377067494457934
-13.34306454565024
-13.002953215585894
-13.002953166207593
-12.977251163720789
-12.97725111434389
-12.418264329157104
