-37.752523918157834
-37.74404855472977
-37.71673406416084
-37.66606271970136
-37.63642012441913
-37.57727696535464
-37.55127227660847
-37.53351161216106
-37.499252977611384
-37.48745696645017
-37.43330055811586
-37.414139141278305
-37.366510207858745
-37.298691749181934
-37.25232718275089
-37.222157818929084
-37.210090989674676
-37.197257240513046
-37.1769035690409
-37.142588306892755
-37.089810431090186
-36.97506055686536
-36.95002671970653
-36.93068529394997
-36.90088616181706
-36.88990705146192
-36.790202984149126
-36.74200318870971
-36.69632902972333
-36.558973397122536
-36.49918959475376
-36.42847559655559
-36.39676117093881
-36.10121459278725
-36.088499006201495
-36.022061853484665
-35.877827172892914
-35.6868188477692
-35.506677359538166
-35.33795038862506
-34.42050024309819
-34.40659870957876
-34.158978209404246
-34.0840927074097
-33.903827435208505
-33.559772169514495
-32.14702877911064
-31.385401834949786
-30.884622872478438
-29.87469638668096
-29.81577012610146
-28.270349645517594
-28.081336714015407
-28.069191130927695
-27.78395417646634
-27.450393448448512
-27.398938754758944
-27.123649139808354
-27.10501707736107
-27.053734267118514
-26.957845416329917
-26.937440699413983
-26.849355066143005
-26.817527988807175
-26.781278436304007
-26.75638856568772
-26.742863989355328
-26.695266728772896
-26.64417087772146
-26.605524496258784
-26.58664223443653
-26.557516682406995
-26.54369412361683
-26.432999826020254
-26.393765291113745
-26.386603777691892
-26.320680241264707
-26.246242266247982
-26.219132353203037
-26.142546731288583
-26.136280786980436
-26.09703617883679
-26.08470041054024
-26.035753906062926
-25.959858030695
-25.94156349962961
-25.896958269708367
-25.81126405665732
-25.780716207883327
-25.77485519352035
-25.70180424269038
-25.67522070759232
-25.629990293289715
-25.43049991180593
-25.413128890117374
-25.32501569307287
-25.220357891714322
-25.211172436422526
-25.147765879353713
-25.01962478989117
-24.90633745849297
-24.746764523831164
-24.585253529157537
-22.29859728975768
-22.219109442283685
-19.81933579348599
-19.484744064207632
-19.29052461260021
-19.017124451155883
-18.567236597208115
-17.96456058442496
-15.956778520172737
-15.521806572168927
-14.679961336928612
-14.338668356098548
-13.549896179997008
-12.903629238659901
