-37.786005809915636
-37.78600571009856
-37.777661253713205
-37.77121957149049
-37.77121930319874
-37.6693518263293
-37.664266764936364
-37.664265438627595
-37.60888822276436
-37.60888821641929
-37.60409528814665
-37.603847024039226
-37.6038444217871
-37.59914953369167
-37.5653227194355
-37.55889455560976
-37.55889428647231
-37.546597473305475
-37.546594173281036
-37.45073665945046
-37.416040984311344
-37.41604098402366
-37.40314477922696
-37.397495787598466
-37.3974955800426
-37.376197340596775
-37.37619408487169
-37.375734875004326
-37.34413806966298
-37.25856358855663
-37.258563588112686
-37.2500311058647
-37.25002929945572
-37.22014488226612
-37.218291945902216
-37.212527142023845
-37.21252665960138
-37.2003151181914
-37.199894325092565
-37.109444363257964
-37.109443314678884
-37.05679703816247
-37.00587708612634
-37.00587708312032
-36.93865513211227
-36.92609219409249
-36.88968500180136
-36.889683770153496
-36.85350285581662
-36.85349120102747
-36.74767017987522
-36.747659492167074
-36.70860474970633
-36.3963963035844
-26.977471392372408
-26.952513550270464
-26.95250987039907
-26.917938431545057
-26.91227895831584
-26.912275179782988
-26.904076755514343
-26.893585184688458
-26.893585174723224
-26.8754285774032
-26.875427419096805
-26.869191393723273
-26.863580365817047
-26.854514762656432
-26.850088770910553
-26.85008874739132
-26.846938130239124
-26.82207742450882
-26.82207626023209
-26.817455460937584
-26.813080765863212
-26.81307987501454
-26.797486566107747
-26.797485897260504
-26.65604109619903
-26.553458387667845
-26.474404929013986
-26.474404921367228
-26.422334752904245
-26.42233241034369
-26.420678929405653
-26.38951945525718
-26.38951709913836
-26.377387873641023
-26.37738786590311
-26.32530001474298
-26.32529230076113
-26.323115822084635
-26.28052006721599
-26.272214050128266
-26.224831792917232
-26.224823845754266
-26.13902822572062
-26.139021015019804
-26.108078168632836
-26.064707102325297
-26.064159712798606
-26.064151762378867
-26.020605073124575
-26.020598398825875
-25.89279824794701
-25.892790521123036
-25.684879195100603
-25.58992903753278
-13.431720730630115
-13.376833813400232
-13.376833799752234
-13.342862624845791
-13.099257683789634
-13.099250729862247
-12.87883507054806
-12.878827754640799
-12.418301685529999
